12300431535
12300431536
12300431565
12300431566
12300433511
12300433512
12300433513
12300433514
12300433515
12300433516
12300433517
12300433521
12300433522
12300433523
12300433524
12300433525
12300433526
12300433527
12300433531
12300433533
12300433534
12300433535
12300433536
12300433537
12300433541
12300433542
12300433543
12300433544
12300433545
12300433546
12300433547
12300433551
12300433552
12300433553
12300433554
12300433555
12300433556
12300433557
12300433561
12300433562
12300433563
12300433564
12300433565
12300433566
12300433567
12300433571
12300433572
12300433573
12300433574
12300433575
12300433576
12300433577
12300433589
12300433598
12300433611
12300433612
12300433613
12300433614
12300433615
12300433616
12300433617
12300433621
12300433622
12300433623
12300433624
12300433625
12300433626
12300433627
12300433631
12300433633
12300433634
12300433635
12300433636
12300433637
12300433641
12300433642
12300433643
12300433644
12300433645
12300433646
12300433647
12300433651
12300433652
12300433653
12300433654
12300433655
12300433656
12300433657
12300433661
12300433662
12300433663
12300433664
12300433665
12300433666
12300433667
12300433671
12300433672
12300433673
12300433674
12300433675
12300433676
12300433677
12300433689
12300433698
12300434135
12300434136
12300434165
12300434166
12300434535
12300434536
12300434565
12300434566
12300436511
12300436512
12300436513
12300436514
12300436515
12300436516
12300436517
12300436521
12300436522
12300436523
12300436524
12300436525
12300436526
12300436527
12300436531
12300436533
12300436534
12300436535
12300436536
12300436537
12300436541
12300436542
12300436543
12300436544
12300436545
12300436546
12300436547
12300436551
12300436552
12300436553
12300436554
12300436555
12300436556
12300436557
12300436561
12300436562
12300436563
12300436564
12300436565
12300436566
12300436567
12300436571
12300436572
12300436573
12300436574
12300436575
12300436576
12300436577
12300436589
12300436598
12300436611
12300436612
12300436613
12300436614
12300436615
12300436616
12300436617
12300436621
12300436622
12300436623
12300436624
12300436625
12300436626
12300436627
12300436631
12300436633
12300436634
12300436635
12300436636
12300436637
12300436641
12300436642
12300436643
12300436644
12300436645
12300436646
12300436647
12300436651
12300436652
12300436653
12300436654
12300436655
12300436656
12300436657
12300436661
12300436662
12300436663
12300436664
12300436665
12300436666
12300436667
12300436671
12300436672
12300436673
12300436674
12300436675
12300436676
12300436677
12300436689
12300436698
12300438952
12300438957
12300438972
12300438977
12300439852
12300439857
12300439872
12300439877
12300471135
12300471136
12300471165
12300471166
12300471535
12300471536
12300471565
12300471566
12300473511
12300473512
12300473513
12300473514
12300473515
12300473516
12300473517
12300473521
12300473522
12300473523
12300473524
12300473525
12300473526
12300473527
12300473531
12300473533
12300473534
12300473535
12300473536
12300473537
12300473541
12300473542
12300473543
12300473544
12300473545
12300473546
12300473547
12300473551
12300473552
12300473553
12300473554
12300473555
12300473556
12300473557
12300473561
12300473562
12300473563
12300473564
12300473565
12300473566
12300473567
12300473571
12300473572
12300473573
12300473574
12300473575
12300473576
12300473577
12300473589
12300473598
12300473611
12300473612
12300473613
12300473614
12300473615
12300473616
12300473617
12300473621
12300473622
12300473623
12300473624
12300473625
12300473626
12300473627
12300473631
12300473633
12300473634
12300473635
12300473636
12300473637
12300473641
12300473642
12300473643
12300473644
12300473645
12300473646
12300473647
12300473651
12300473652
12300473653
12300473654
12300473655
12300473656
12300473657
12300473661
12300473662
12300473663
12300473664
12300473665
12300473666
12300473667
12300473671
12300473672
12300473673
12300473674
12300473675
12300473676
12300473677
12300473689
12300473698
12300474135
12300474136
12300474165
12300474166
12300474535
12300474536
12300474565
12300474566
12300476511
12300476512
12300476513
12300476514
12300476515
12300476516
12300476517
12300476521
12300476522
12300476523
12300476524
12300476525
12300476526
12300476527
12300476531
12300476533
12300476534
12300476535
12300476536
12300476537
12300476541
12300476542
12300476543
12300476544
12300476545
12300476546
12300476547
12300476551
12300476552
12300476553
12300476554
12300476555
12300476556
12300476557
12300476561
12300476562
12300476563
12300476564
12300476565
12300476566
12300476567
12300476571
12300476572
12300476573
12300476574
12300476575
12300476576
12300476577
12300476589
12300476598
12300476611
12300476612
12300476613
12300476614
12300476615
12300476616
12300476617
12300476621
12300476622
12300476623
12300476624
12300476625
12300476626
12300476627
12300476631
12300476633
12300476634
12300476635
12300476636
12300476637
12300476641
12300476642
12300476643
12300476644
12300476645
12300476646
12300476647
12300476651
12300476652
12300476653
12300476654
12300476655
12300476656
12300476657
12300476661
12300476662
12300476663
12300476664
12300476665
12300476666
12300476667
12300476671
12300476672
12300476673
12300476674
12300476675
12300476676
12300476677
12300476689
12300476698
12300478952
12300478957
12300478972
12300478977
12300479852
12300479857
12300479872
12300479877
12300481139
12300481169
12300481239
12300481269
12300481339
12300481369
12300481439
12300481469
12300481539
12300481569
12300481639
12300481669
12300481739
12300481769
12300483911
12300483912
12300483913
12300483914
12300483915
12300483916
12300483917
12300483921
12300483922
12300483923
12300483924
12300483925
12300483926
12300483927
12300483931
12300483933
12300483934
12300483935
12300483936
12300483937
12300483941
12300483942
12300483943
12300483944
12300483945
12300483946
12300483947
12300483951
12300483952
12300483953
12300483954
12300483955
12300483956
12300483957
12300483961
12300483962
12300483963
12300483964
12300483965
12300483966
12300483967
12300483971
12300483972
12300483973
12300483974
12300483975
12300483976
12300483977
12300484139
12300484169
12300484239
12300484269
12300484339
12300484369
12300484439
12300484469
12300484539
12300484569
12300484639
12300484669
12300484739
12300484769
12300486239
12300486269
12300486294
12300486296
12300486319
12300486639
12300486669
12300486739
12300486769
12300486911
12300486912
12300486913
12300486914
12300486915
12300486916
12300486917
12300486921
12300486922
12300486923
12300486924
12300486925
12300486926
12300486927
12300486931
12300486933
12300486934
12300486935
12300486936
12300486937
12300486941
12300486942
12300486943
12300486944
12300486945
12300486946
12300486947
12300486951
12300486952
12300486953
12300486954
12300486955
12300486956
12300486957
12300486961
12300486962
12300486963
12300486964
12300486965
12300486966
12300486967
12300486971
12300486972
12300486973
12300486974
12300486975
12300486976
12300486977
12300489212
12300489214
12300489216
12300489221
12300489223
12300489225
12300489227
12300489233
12300489235
12300489237
12300489242
12300489244
12300489246
12300489251
12300489253
12300489255
12300489257
12300489262
12300489264
12300489266
12300489271
12300489273
12300489275
12300489277
12300489512
12300489514
12300489516
12300489521
12300489523
12300489525
12300489527
12300489533
12300489535
12300489537
12300489542
12300489544
12300489546
12300489551
12300489553
12300489555
12300489557
12300489562
12300489564
12300489566
12300489571
12300489573
12300489575
12300489577
12300489712
12300489714
12300489716
12300489721
12300489723
12300489725
12300489727
12300489733
12300489735
12300489737
12300489742
12300489744
12300489746
12300489751
12300489753
12300489755
12300489757
12300489762
12300489764
12300489766
12300489771
12300489773
12300489775
12300489777
12300491138
12300491168
12300491238
12300491268
12300491338
12300491368
12300491438
12300491468
12300491538
12300491568
12300491638
12300491668
12300491738
12300491768
12300493811
12300493812
12300493813
12300493814
12300493815
12300493816
12300493817
12300493821
12300493822
12300493823
12300493824
12300493825
12300493826
12300493827
12300493831
12300493833
12300493834
12300493835
12300493836
12300493837
12300493841
12300493842
12300493843
12300493844
12300493845
12300493846
12300493847
12300493851
12300493852
12300493853
12300493854
12300493855
12300493856
12300493857
12300493861
12300493862
12300493863
12300493864
12300493865
12300493866
12300493867
12300493871
12300493872
12300493873
12300493874
12300493875
12300493876
12300493877
12300494138
12300494168
12300494238
12300494268
12300494338
12300494368
12300494438
12300494468
12300494538
12300494568
12300494638
12300494668
12300494738
12300494768
12300496238
12300496268
12300496282
12300496284
12300496286
12300496318
12300496638
12300496668
12300496738
12300496768
12300496811
12300496812
12300496813
12300496814
12300496815
12300496816
12300496817
12300496821
12300496822
12300496823
12300496824
12300496825
12300496826
12300496827
12300496831
12300496833
12300496834
12300496835
12300496836
12300496837
12300496841
12300496842
12300496843
12300496844
12300496845
12300496846
12300496847
12300496851
12300496852
12300496853
12300496854
12300496855
12300496856
12300496857
12300496861
12300496862
12300496863
12300496864
12300496865
12300496866
12300496867
12300496871
12300496872
12300496873
12300496874
12300496875
12300496876
12300496877
12300498212
12300498214
12300498216
12300498221
12300498223
12300498225
12300498227
12300498233
12300498235
12300498237
12300498242
12300498244
12300498246
12300498251
12300498253
12300498255
12300498257
12300498262
12300498264
12300498266
12300498271
12300498273
12300498275
12300498277
12300498512
12300498514
12300498516
12300498521
12300498523
12300498525
12300498527
12300498533
12300498535
12300498537
12300498542
12300498544
12300498546
12300498551
12300498553
12300498555
12300498557
12300498562
12300498564
12300498566
12300498571
12300498573
12300498575
12300498577
12300498712
12300498714
12300498716
12300498721
12300498723
12300498725
12300498727
12300498733
12300498735
12300498737
12300498742
12300498744
12300498746
12300498751
12300498753
12300498755
12300498757
12300498762
12300498764
12300498766
12300498771
12300498773
12300498775
12300498777
12300731135
12300731136
12300731151
12300731152
12300731153
12300731154
12300731155
12300731156
12300731157
12300731165
12300731166
12300731251
12300731252
12300731253
12300731254
12300731255
12300731256
12300731257
12300731351
12300731352
12300731353
12300731354
12300731355
12300731356
12300731357
12300731451
12300731452
12300731453
12300731454
12300731455
12300731456
12300731457
12300731535
12300731536
12300731551
12300731552
12300731553
12300731554
12300731555
12300731556
12300731557
12300731565
12300731566
12300731651
12300731652
12300731653
12300731654
12300731655
12300731656
12300731657
12300731751
12300731752
12300731753
12300731754
12300731755
12300731756
12300731757
12300731859
12300731895
12300731958
12300731985
12300733511
12300733512
12300733513
12300733514
12300733515
12300733516
12300733517
12300733521
12300733522
12300733523
12300733524
12300733525
12300733526
12300733527
12300733531
12300733533
12300733534
12300733535
12300733536
12300733537
12300733541
12300733542
12300733543
12300733544
12300733545
12300733546
12300733547
12300733551
12300733552
12300733553
12300733554
12300733555
12300733556
12300733557
12300733561
12300733562
12300733563
12300733564
12300733565
12300733566
12300733567
12300733571
12300733572
12300733573
12300733574
12300733575
12300733576
12300733577
12300733589
12300733598
12300733611
12300733612
12300733613
12300733614
12300733615
12300733616
12300733617
12300733621
12300733622
12300733623
12300733624
12300733625
12300733626
12300733627
12300733631
12300733633
12300733634
12300733635
12300733636
12300733637
12300733641
12300733642
12300733643
12300733644
12300733645
12300733646
12300733647
12300733651
12300733652
12300733653
12300733654
12300733655
12300733656
12300733657
12300733661
12300733662
12300733663
12300733664
12300733665
12300733666
12300733667
12300733671
12300733672
12300733673
12300733674
12300733675
12300733676
12300733677
12300733689
12300733698
12300734135
12300734136
12300734165
12300734166
12300734535
12300734536
12300734565
12300734566
12300735111
12300735112
12300735113
12300735114
12300735115
12300735116
12300735117
12300735121
12300735122
12300735123
12300735124
12300735125
12300735126
12300735127
12300735131
12300735133
12300735134
12300735135
12300735136
12300735137
12300735141
12300735142
12300735143
12300735144
12300735145
12300735146
12300735147
12300735151
12300735152
12300735153
12300735154
12300735155
12300735156
12300735157
12300735161
12300735162
12300735163
12300735164
12300735165
12300735166
12300735167
12300735171
12300735172
12300735173
12300735174
12300735175
12300735176
12300735177
12300735189
12300735198
12300735211
12300735212
12300735213
12300735214
12300735215
12300735216
12300735217
12300735221
12300735222
12300735223
12300735224
12300735225
12300735226
12300735227
12300735231
12300735233
12300735234
12300735235
12300735236
12300735237
12300735241
12300735242
12300735243
12300735244
12300735245
12300735246
12300735247
12300735251
12300735252
12300735253
12300735254
12300735255
12300735256
12300735257
12300735261
12300735262
12300735263
12300735264
12300735265
12300735266
12300735267
12300735271
12300735272
12300735273
12300735274
12300735275
12300735276
12300735277
12300735289
12300735298
12300735311
12300735312
12300735313
12300735314
12300735315
12300735316
12300735317
12300735321
12300735322
12300735323
12300735324
12300735325
12300735326
12300735327
12300735331
12300735333
12300735334
12300735335
12300735336
12300735337
12300735341
12300735342
12300735343
12300735344
12300735345
12300735346
12300735347
12300735351
12300735352
12300735353
12300735354
12300735355
12300735356
12300735357
12300735361
12300735362
12300735363
12300735364
12300735365
12300735366
12300735367
12300735371
12300735372
12300735373
12300735374
12300735375
12300735376
12300735377
12300735389
12300735398
12300735411
12300735412
12300735413
12300735414
12300735415
12300735416
12300735417
12300735421
12300735422
12300735423
12300735424
12300735425
12300735426
12300735427
12300735431
12300735433
12300735434
12300735435
12300735436
12300735437
12300735441
12300735442
12300735443
12300735444
12300735445
12300735446
12300735447
12300735451
12300735452
12300735453
12300735454
12300735455
12300735456
12300735457
12300735461
12300735462
12300735463
12300735464
12300735465
12300735466
12300735467
12300735471
12300735472
12300735473
12300735474
12300735475
12300735476
12300735477
12300735489
12300735498
12300735511
12300735512
12300735513
12300735514
12300735515
12300735516
12300735517
12300735521
12300735522
12300735523
12300735524
12300735525
12300735526
12300735527
12300735531
12300735533
12300735534
12300735535
12300735536
12300735537
12300735541
12300735542
12300735543
12300735544
12300735545
12300735546
12300735547
12300735551
12300735552
12300735553
12300735554
12300735555
12300735556
12300735557
12300735561
12300735562
12300735563
12300735564
12300735565
12300735566
12300735567
12300735571
12300735572
12300735573
12300735574
12300735575
12300735576
12300735577
12300735589
12300735598
12300735611
12300735612
12300735613
12300735614
12300735615
12300735616
12300735617
12300735621
12300735622
12300735623
12300735624
12300735625
12300735626
12300735627
12300735631
12300735633
12300735634
12300735635
12300735636
12300735637
12300735641
12300735642
12300735643
12300735644
12300735645
12300735646
12300735647
12300735651
12300735652
12300735653
12300735654
12300735655
12300735656
12300735657
12300735661
12300735662
12300735663
12300735664
12300735665
12300735666
12300735667
12300735671
12300735672
12300735673
12300735674
12300735675
12300735676
12300735677
12300735689
12300735698
12300735711
12300735712
12300735713
12300735714
12300735715
12300735716
12300735717
12300735721
12300735722
12300735723
12300735724
12300735725
12300735726
12300735727
12300735731
12300735733
12300735734
12300735735
12300735736
12300735737
12300735741
12300735742
12300735743
12300735744
12300735745
12300735746
12300735747
12300735751
12300735752
12300735753
12300735754
12300735755
12300735756
12300735757
12300735761
12300735762
12300735763
12300735764
12300735765
12300735766
12300735767
12300735771
12300735772
12300735773
12300735774
12300735775
12300735776
12300735777
12300735789
12300735798
12300735819
12300735829
12300735839
12300735849
12300735859
12300735869
12300735879
12300735891
12300735892
12300735893
12300735894
12300735895
12300735896
12300735897
12300735918
12300735928
12300735938
12300735948
12300735958
12300735968
12300735978
12300735981
12300735982
12300735983
12300735984
12300735985
12300735986
12300735987
12300736511
12300736512
12300736513
12300736514
12300736515
12300736516
12300736517
12300736521
12300736522
12300736523
12300736524
12300736525
12300736526
12300736527
12300736531
12300736533
12300736534
12300736535
12300736536
12300736537
12300736541
12300736542
12300736543
12300736544
12300736545
12300736546
12300736547
12300736551
12300736552
12300736553
12300736554
12300736555
12300736556
12300736557
12300736561
12300736562
12300736563
12300736564
12300736565
12300736566
12300736567
12300736571
12300736572
12300736573
12300736574
12300736575
12300736576
12300736577
12300736589
12300736598
12300736611
12300736612
12300736613
12300736614
12300736615
12300736616
12300736617
12300736621
12300736622
12300736623
12300736624
12300736625
12300736626
12300736627
12300736631
12300736633
12300736634
12300736635
12300736636
12300736637
12300736641
12300736642
12300736643
12300736644
12300736645
12300736646
12300736647
12300736651
12300736652
12300736653
12300736654
12300736655
12300736656
12300736657
12300736661
12300736662
12300736663
12300736664
12300736665
12300736666
12300736667
12300736671
12300736672
12300736673
12300736674
12300736675
12300736676
12300736677
12300736689
12300736698
12300738915
12300738925
12300738935
12300738945
12300738952
12300738955
12300738957
12300738965
12300738972
12300738975
12300738977
12300739815
12300739825
12300739835
12300739845
12300739852
12300739855
12300739857
12300739865
12300739872
12300739875
12300739877
12300771135
12300771136
12300771155
12300771165
12300771166
12300771535
12300771536
12300771551
12300771552
12300771553
12300771554
12300771555
12300771556
12300771557
12300771565
12300771566
12300773511
12300773512
12300773513
12300773514
12300773515
12300773516
12300773517
12300773521
12300773522
12300773523
12300773524
12300773525
12300773526
12300773527
12300773531
12300773533
12300773534
12300773535
12300773536
12300773537
12300773541
12300773542
12300773543
12300773544
12300773545
12300773546
12300773547
12300773551
12300773552
12300773553
12300773554
12300773555
12300773556
12300773557
12300773561
12300773562
12300773563
12300773564
12300773565
12300773566
12300773567
12300773571
12300773572
12300773573
12300773574
12300773575
12300773576
12300773577
12300773589
12300773598
12300773611
12300773612
12300773613
12300773614
12300773615
12300773616
12300773617
12300773621
12300773622
12300773623
12300773624
12300773625
12300773626
12300773627
12300773631
12300773633
12300773634
12300773635
12300773636
12300773637
12300773641
12300773642
12300773643
12300773644
12300773645
12300773646
12300773647
12300773651
12300773652
12300773653
12300773654
12300773655
12300773656
12300773657
12300773661
12300773662
12300773663
12300773664
12300773665
12300773666
12300773667
12300773671
12300773672
12300773673
12300773674
12300773675
12300773676
12300773677
12300773689
12300773698
12300774135
12300774136
12300774165
12300774166
12300774535
12300774536
12300774565
12300774566
12300775115
12300775125
12300775135
12300775145
12300775155
12300775165
12300775175
12300775511
12300775512
12300775513
12300775514
12300775515
12300775516
12300775517
12300775521
12300775522
12300775523
12300775524
12300775525
12300775526
12300775527
12300775531
12300775533
12300775534
12300775535
12300775536
12300775537
12300775541
12300775542
12300775543
12300775544
12300775545
12300775546
12300775547
12300775551
12300775552
12300775553
12300775554
12300775555
12300775556
12300775557
12300775561
12300775562
12300775563
12300775564
12300775565
12300775566
12300775567
12300775571
12300775572
12300775573
12300775574
12300775575
12300775576
12300775577
12300775589
12300775598
12300776511
12300776512
12300776513
12300776514
12300776515
12300776516
12300776517
12300776521
12300776522
12300776523
12300776524
12300776525
12300776526
12300776527
12300776531
12300776533
12300776534
12300776535
12300776536
12300776537
12300776541
12300776542
12300776543
12300776544
12300776545
12300776546
12300776547
12300776551
12300776552
12300776553
12300776554
12300776555
12300776556
12300776557
12300776561
12300776562
12300776563
12300776564
12300776565
12300776566
12300776567
12300776571
12300776572
12300776573
12300776574
12300776575
12300776576
12300776577
12300776589
12300776598
12300776611
12300776612
12300776613
12300776614
12300776615
12300776616
12300776617
12300776621
12300776622
12300776623
12300776624
12300776625
12300776626
12300776627
12300776631
12300776633
12300776634
12300776635
12300776636
12300776637
12300776641
12300776642
12300776643
12300776644
12300776645
12300776646
12300776647
12300776651
12300776652
12300776653
12300776654
12300776655
12300776656
12300776657
12300776661
12300776662
12300776663
12300776664
12300776665
12300776666
12300776667
12300776671
12300776672
12300776673
12300776674
12300776675
12300776676
12300776677
12300776689
12300776698
12300778952
12300778955
12300778957
12300778972
12300778977
12300779852
12300779855
12300779857
12300779872
12300779877
12300781139
12300781169
12300781239
12300781269
12300781339
12300781369
12300781439
12300781469
12300781539
12300781569
12300781639
12300781669
12300781739
12300781769
12300783911
12300783912
12300783913
12300783914
12300783915
12300783916
12300783917
12300783921
12300783922
12300783923
12300783924
12300783925
12300783926
12300783927
12300783931
12300783933
12300783934
12300783935
12300783936
12300783937
12300783941
12300783942
12300783943
12300783944
12300783945
12300783946
12300783947
12300783951
12300783952
12300783953
12300783954
12300783955
12300783956
12300783957
12300783961
12300783962
12300783963
12300783964
12300783965
12300783966
12300783967
12300783971
12300783972
12300783973
12300783974
12300783975
12300783976
12300783977
12300784139
12300784169
12300784239
12300784269
12300784339
12300784369
12300784439
12300784469
12300784539
12300784569
12300784639
12300784669
12300784739
12300784769
12300786239
12300786269
12300786292
12300786294
12300786296
12300786639
12300786669
12300786739
12300786769
12300786911
12300786912
12300786913
12300786914
12300786915
12300786916
12300786917
12300786921
12300786922
12300786923
12300786924
12300786925
12300786926
12300786927
12300786931
12300786933
12300786934
12300786935
12300786936
12300786937
12300786941
12300786942
12300786943
12300786944
12300786945
12300786946
12300786947
12300786951
12300786952
12300786953
12300786954
12300786955
12300786956
12300786957
12300786961
12300786962
12300786963
12300786964
12300786965
12300786966
12300786967
12300786971
12300786972
12300786973
12300786974
12300786975
12300786976
12300786977
12300791138
12300791168
12300791238
12300791268
12300791338
12300791368
12300791438
12300791468
12300791538
12300791568
12300791638
12300791668
12300791738
12300791768
12300793811
12300793812
12300793813
12300793814
12300793815
12300793816
12300793817
12300793821
12300793822
12300793823
12300793824
12300793825
12300793826
12300793827
12300793831
12300793833
12300793834
12300793835
12300793836
12300793837
12300793841
12300793842
12300793843
12300793844
12300793845
12300793846
12300793847
12300793851
12300793852
12300793853
12300793854
12300793855
12300793856
12300793857
12300793861
12300793862
12300793863
12300793864
12300793865
12300793866
12300793867
12300793871
12300793872
12300793873
12300793874
12300793875
12300793876
12300793877
12300794138
12300794168
12300794238
12300794268
12300794338
12300794368
12300794438
12300794468
12300794538
12300794568
12300794638
12300794668
12300794738
12300794768
12300796238
12300796268
12300796282
12300796284
12300796286
12300796318
12300796638
12300796668
12300796738
12300796768
12300796811
12300796812
12300796813
12300796814
12300796815
12300796816
12300796817
12300796821
12300796822
12300796823
12300796824
12300796825
12300796826
12300796827
12300796831
12300796833
12300796834
12300796835
12300796836
12300796837
12300796841
12300796842
12300796843
12300796844
12300796845
12300796846
12300796847
12300796851
12300796852
12300796853
12300796854
12300796855
12300796856
12300796857
12300796861
12300796862
12300796863
12300796864
12300796865
12300796866
12300796867
12300796871
12300796872
12300796873
12300796874
12300796875
12300796876
12300796877
12300831195
12300831196
12300831595
12300831596
12300832195
12300832196
12300832595
12300832596
12300833195
12300833196
12300833595
12300833596
12300833695
12300833696
12300834195
12300834196
12300834595
12300834596
12300835195
12300835196
12300835595
12300835596
12300836195
12300836196
12300836296
12300836595
12300836596
12300836695
12300836696
12300837195
12300837196
12300837595
12300837596
12300837695
12300837696
12300839511
12300839512
12300839513
12300839514
12300839515
12300839516
12300839517
12300839521
12300839522
12300839523
12300839524
12300839525
12300839526
12300839527
12300839531
12300839533
12300839534
12300839535
12300839536
12300839537
12300839541
12300839542
12300839543
12300839544
12300839545
12300839546
12300839547
12300839551
12300839552
12300839553
12300839554
12300839555
12300839556
12300839557
12300839561
12300839562
12300839563
12300839564
12300839565
12300839566
12300839567
12300839571
12300839572
12300839573
12300839574
12300839575
12300839576
12300839577
12300839611
12300839612
12300839613
12300839614
12300839615
12300839616
12300839617
12300839621
12300839622
12300839623
12300839624
12300839625
12300839626
12300839627
12300839631
12300839633
12300839634
12300839635
12300839636
12300839637
12300839641
12300839642
12300839643
12300839644
12300839645
12300839646
12300839647
12300839651
12300839652
12300839653
12300839654
12300839655
12300839656
12300839657
12300839661
12300839662
12300839663
12300839664
12300839665
12300839666
12300839667
12300839671
12300839672
12300839673
12300839674
12300839675
12300839676
12300839677
12300871195
12300871196
12300871595
12300871596
12300872195
12300872196
12300872595
12300872596
12300873195
12300873196
12300873595
12300873596
12300873695
12300873696
12300874195
12300874196
12300874595
12300874596
12300875195
12300875196
12300875595
12300875596
12300876195
12300876196
12300876595
12300876596
12300876695
12300876696
12300877195
12300877196
12300877595
12300877596
12300877695
12300877696
12300879511
12300879512
12300879513
12300879514
12300879515
12300879516
12300879517
12300879521
12300879522
12300879523
12300879524
12300879525
12300879526
12300879527
12300879531
12300879533
12300879534
12300879535
12300879536
12300879537
12300879541
12300879542
12300879543
12300879544
12300879545
12300879546
12300879547
12300879551
12300879552
12300879553
12300879554
12300879555
12300879556
12300879557
12300879561
12300879562
12300879563
12300879564
12300879565
12300879566
12300879567
12300879571
12300879572
12300879573
12300879574
12300879575
12300879576
12300879577
12300879611
12300879612
12300879613
12300879614
12300879615
12300879616
12300879617
12300879621
12300879622
12300879623
12300879624
12300879625
12300879626
12300879627
12300879631
12300879633
12300879634
12300879635
12300879636
12300879637
12300879641
12300879642
12300879643
12300879644
12300879645
12300879646
12300879647
12300879651
12300879652
12300879653
12300879654
12300879655
12300879656
12300879657
12300879661
12300879662
12300879663
12300879664
12300879665
12300879666
12300879667
12300879671
12300879672
12300879673
12300879674
12300879675
12300879676
12300879677
